# id                          beta  beta_uerr  beta_lerr        z   z_uerr   z_lerr      muv  muv_uerr  muv_lerr
RXJ-2129-3021681            -2.56       0.27       0.42     8.98     1.12     0.55   -19.97      0.10      0.16
RXJ-2129-16261              -2.48       0.25       0.32     9.12     0.87     0.40   -20.24      0.09      0.12
CEERS-570                   -3.86       0.90       1.12    10.91     0.43     0.60   -19.89      0.25      0.12
CEERS-2543                  -2.63       0.47       0.74    11.43     2.07     0.74   -19.70      0.21      0.19
CEERS-3530                  -2.03       0.29       0.28    10.28     0.28     0.45   -20.50      0.19      0.13
CEERS-3961                  -3.99       0.45       0.58    11.37     0.24     0.26   -19.71      0.09      0.06
CEERS-6303                  -2.11       0.34       0.49     9.86     0.55     0.70   -20.27      0.16      0.20
CEERS-7927                  -1.90       0.25       0.25    10.15     0.10     0.11   -20.11      0.05      0.04
CEERS-8536                  -2.36       0.26       0.29    11.91     0.63     0.35   -20.38      0.10      0.11
CEERS-9617                  -2.63       0.25       0.25    10.22     0.26     0.37   -20.31      0.12      0.10
CEERS-10389                 -2.64       0.57       0.60    10.69     0.83     0.65   -19.70      0.25      0.19
CEERS-15760                 -2.83       0.45       0.57    11.59     0.66     0.44   -20.50      0.16      0.10
CEERS-17070                 -1.99       0.25       0.25    11.01     0.36     0.38   -19.66      0.15      0.12
CEERS-17402                 -1.03       0.40       0.48     9.90     0.96     0.90   -18.99      0.35      0.35
CEERS-17416                 -2.81       0.39       0.55     9.86     0.64     0.63   -19.26      0.12      0.20
CEERS-20465                 -2.68       0.25       0.25    11.31     0.20     0.20   -20.49      0.05      0.05
CEERS-20687                 -3.04       0.35       0.34    10.97     0.21     0.24   -19.62      0.10      0.07
CEERS-22229                 -3.06       0.68       1.10    10.01     0.65     0.44   -19.22      0.13      0.18
CEERS-26592                 -3.51       1.02       1.31    11.52     0.75     0.74   -20.30      0.37      0.15
CEERS-37967                 -2.94       0.45       0.79    13.73     0.81     1.20   -19.52      0.18      0.27
CEERS-39491                 -2.73       0.59       0.66    10.60     0.50     0.60   -19.31      0.25      0.15
CEERS-51314                 -0.88       0.25       0.25    10.43     0.11     0.11   -19.71      0.04      0.04
CEERS-1032400               -2.38       0.40       0.52    10.05     0.53     0.54   -20.34      0.15      0.18
CEERS-1099004               -1.21       0.25       0.25     9.72     0.35     0.29   -19.71      0.12      0.14
CEERS-3069854               -1.88       0.25       0.25    10.11     0.28     0.75   -19.77      0.20      0.11
MACS-0647-20148             -2.16       0.25       0.25    10.21     0.15     0.18   -20.08      0.08      0.06
MACS-0647-20158             -2.77       0.25       0.31     9.66     0.40     0.36   -19.26      0.07      0.08
WHL-0137-10187              -2.52       0.25       0.25     9.21     0.15     0.11   -17.62      0.04      0.04
WHL-0137-22312              -2.52       0.61       0.73    10.79     0.90     0.95   -19.96      0.35      0.22
WHL-0137-21722              -2.29       0.44       0.51     9.38     0.75     0.52   -19.19      0.17      0.13
WHL-0137-2004877            -1.93       0.54       0.54     9.37     1.06     0.78   -18.57      0.34      0.30
NEPTDF-12882                -2.49       0.25       0.25    10.94     0.12     0.13   -19.81      0.04      0.04
NEPTDF-1042051              -1.33       0.25       0.30     9.91     0.47     0.43   -20.28      0.15      0.20
J1235-8807                  -3.66       0.80       2.26    11.87     2.33     0.42   -19.00      0.12      0.08
J1235-1046989               -2.50       4.77       2.34    11.33     4.14     1.74   -18.83      1.19      0.42
J1235-2056758               -2.13       0.25       0.25    10.40     0.09     0.08   -19.50      0.03      0.03
Quintet-9091                -2.80       0.25       0.25    11.90     0.30     0.23   -21.46      0.07      0.06
SMACS-0723-7442             -2.69       0.25       0.25    11.57     0.09     0.07   -19.53      0.02      0.02
DDT-2756-1001979            -2.60       0.25       0.25    10.33     0.15     0.22   -20.51      0.10      0.06
DDT-2756-1004647            -2.05       0.25       0.25    11.06     0.14     0.14   -19.62      0.05      0.04
DDT-2756-1010177            -1.76       0.25       0.25     9.57     0.35     0.28   -19.06      0.07      0.09
DDT-2756-1010612            -1.73       0.45       0.40     9.59     0.68     0.61   -19.52      0.24      0.21
DDT-2756-1023292            -2.73       0.25       0.25    11.58     0.34     0.28   -18.85      0.07      0.06
GLASS-1481                  -2.10       0.32       0.26    10.73     0.42     0.70   -18.50      0.27      0.14
GLASS-3283                  -1.92       0.25       0.25    10.20     0.08     0.07   -20.22      0.03      0.03
GLASS-9023                  -2.24       0.30       0.46     9.56     0.91     0.60   -18.08      0.14      0.26
GLASS-9974                  -2.58       0.25       0.25    11.79     0.34     0.24   -19.08      0.04      0.05
GLASS-12329                 -2.86       0.50       0.42    10.77     0.31     0.42   -19.17      0.20      0.11
GLASS-15864                 -2.17       0.25       0.25    10.13     0.28     0.39   -19.76      0.14      0.13
GLASS-17225                 -2.52       0.39       0.48    10.46     0.54     0.61   -19.08      0.17      0.13
GLASS-28072                 -2.67       0.37       0.44    12.27     1.26     0.46   -20.70      0.14      0.15
GLASS-29748                 -2.40       0.25       0.25    10.38     0.11     0.12   -20.10      0.05      0.04
GLASS-30367                 -2.72       0.25       0.25    10.38     0.08     0.08   -19.95      0.02      0.02
GLASS-32411                 -2.19       0.25       0.25     9.68     0.44     0.28   -19.33      0.06      0.11
GLASS-33570                 -2.78       0.42       0.80    13.56     0.81     0.83   -19.43      0.11      0.27
UNCOVER-3658                -2.67       0.72       1.32     9.75     0.88     0.68   -18.60      0.15      0.25
UNCOVER-3892                -4.79       0.83       0.93    10.92     0.30     0.35   -18.43      0.12      0.07
UNCOVER-6502                -2.85       0.53       0.61    11.43     0.72     0.61   -18.09      0.21      0.12
UNCOVER-12816               -2.62       0.42       0.49    11.93     1.10     0.47   -18.86      0.15      0.12
UNCOVER-15452               -2.64       0.25       0.25    10.49     0.15     0.15   -18.45      0.06      0.06
UNCOVER-23585               -2.02       0.25       0.25     9.05     0.10     0.09   -18.17      0.03      0.03
UNCOVER-30621               -1.49       0.25       0.25    12.03     0.20     0.16   -19.09      0.04      0.04
UNCOVER-30657               -1.65       0.25       0.25    11.70     0.19     0.18   -19.43      0.05      0.05
UNCOVER-32757               -2.44       0.29       0.26    10.33     0.22     0.29   -19.17      0.14      0.10
UNCOVER-47904               -3.27       0.25       0.25    10.36     0.10     0.10   -18.48      0.04      0.04
UNCOVER-48395               -2.54       0.25       0.25    10.05     0.23     0.33   -19.62      0.08      0.08
UNCOVER-53033               -2.06       0.59       0.81    10.33     0.79     1.47   -19.77      0.41      0.29
UNCOVER-53293               -2.71       0.38       1.22    12.16     2.40     0.64   -19.14      0.13      0.44
UNCOVER-2019859             -3.06       0.43       0.57    13.57     0.80     0.97   -18.84      0.16      0.21
UNCOVER-2037921             -1.44       0.25       0.25    10.55     0.20     0.22   -19.36      0.09      0.07
UNCOVER-3061884             -2.29       0.46       0.36    10.40     0.31     0.99   -19.42      0.31      0.13
JADES-3213                  -2.82       0.25       0.25    10.73     0.13     0.16   -19.97      0.07      0.06
JADES-8695                  -2.09       0.29       0.32    10.18     0.42     0.50   -18.93      0.15      0.15
JADES-9079                  -3.53       0.42       0.37    10.56     0.27     0.32   -18.43      0.14      0.10
JADES-9320                  -2.88       0.53       0.60    11.64     1.21     0.68   -18.61      0.22      0.15
JADES-9585                  -2.31       0.26       0.25     9.03     0.28     0.23   -17.27      0.11      0.10
JADES-9996                  -2.14       0.25       0.25    12.14     1.01     0.29   -18.91      0.08      0.13
JADES-11367                 -2.76       0.44       0.58    13.14     0.80     0.83   -18.41      0.13      0.18
JADES-12993                 -2.59       0.27       0.34     9.79     0.38     0.28   -18.26      0.07      0.11
JADES-14905                 -3.00       0.33       0.36    11.32     0.29     0.34   -18.88      0.12      0.09
JADES-16929                 -2.34       0.31       0.39    10.18     0.40     0.54   -18.24      0.18      0.18
JADES-19283                 -1.93       0.40       0.47     9.59     0.81     0.61   -18.44      0.20      0.25
JADES-20624                 -2.44       0.25       0.25     9.53     0.57     0.22   -19.38      0.06      0.12
JADES-33477                 -2.60       0.25       0.25    11.62     0.25     0.23   -18.80      0.08      0.07
JADES-34414                 -3.14       0.27       0.26    11.16     0.22     0.25   -18.29      0.09      0.07
JADES-45865                 -1.83       0.28       0.39     9.47     0.87     0.50   -17.94      0.16      0.25
JADES-48153                 -2.49       0.29       0.36     9.39     0.86     0.41   -17.96      0.14      0.20
JADES-50455                 -2.23       0.36       0.39     9.51     0.48     0.38   -18.28      0.12      0.11
JADES-68549                 -3.14       0.25       0.25    11.88     0.14     0.14   -19.20      0.04      0.04
JADES-69507                 -2.66       0.29       0.39    10.05     0.41     0.51   -18.41      0.11      0.17
JADES-69979                 -2.97       0.51       0.85     9.13     1.22     0.42   -18.58      0.12      0.21
JADES-1015339               -2.24       0.38       0.43     9.86     0.61     0.57   -18.06      0.16      0.18
JADES-1047091               -2.31       0.52       0.50    11.62     1.02     0.83   -17.50      0.32      0.20
JADES-1058823               -1.35       0.27       0.28    15.09     0.81     0.75   -18.48      0.21      0.16
JADES-1125442               -2.56       0.37       0.52     9.76     0.67     0.52   -18.26      0.13      0.23
JADES-2016436               -1.14       0.50       0.48     9.37     0.99     0.92   -17.16      0.41      0.38
JADES-2084090               -2.99       0.34       0.36    11.59     0.31     0.31   -18.39      0.12      0.09
JADES-2103879               -2.72       0.33       0.39    11.98     1.08     0.41   -18.85      0.12      0.12
NGDEEP-17469                -3.28       0.40       0.41    11.10     0.28     0.32   -18.56      0.14      0.08
NGDEEP-23088                -2.75       0.27       0.26    11.07     0.27     0.27   -19.07      0.11      0.08
NGDEEP-26794                -3.26       0.29       0.26    10.72     0.18     0.23   -19.73      0.10      0.07
NGDEEP-51475                -1.58       0.67       0.40     9.21     1.17     0.52   -17.76      0.34      0.30
NGDEEP-51925                -2.55       0.38       0.32    11.23     0.35     0.39   -19.32      0.19      0.13
NGDEEP-54829                -2.38       0.25       0.25    10.49     0.10     0.11   -19.64      0.05      0.04
NGDEEP-1003576              -2.56       0.25       0.25    15.40     0.29     0.29   -19.09      0.08      0.07
NGDEEP-1003750              -2.25       0.33       0.51    11.69     1.96     0.49   -19.47      0.16      0.26
NGDEEP-1026946              -2.57       0.25       0.25     9.13     0.08     0.07   -17.95      0.02      0.02
UNCOVER-SOUTH-7302          -2.47       0.25       0.43     9.48     0.97     0.47   -19.79      0.12      0.26
UNCOVER-SOUTH-9195          -2.49       0.27       0.40     9.15     1.23     0.43   -19.37      0.14      0.26
UNCOVER-SOUTH-22977         -2.27       0.25       0.25     9.25     0.08     0.07   -19.08      0.02      0.02
UNCOVER-SOUTH-26383         -2.55       0.25       0.25     9.73     0.20     0.17   -18.93      0.02      0.03
UNCOVER-SOUTH-31496         -2.41       0.28       0.29    11.60     0.56     0.42   -19.09      0.13      0.12
UNCOVER-SOUTH-33059         -2.04       0.25       0.25     9.76     0.21     0.22   -19.77      0.04      0.05
UNCOVER-SOUTH-43514         -2.62       0.31       0.36     8.91     0.78     0.37   -19.41      0.13      0.11
UNCOVER-SOUTH-45015         -2.20       0.25       0.32     9.74     0.38     0.32   -19.08      0.08      0.11
UNCOVER-SOUTH-51653         -2.60       0.25       0.25    11.53     0.31     0.28   -19.09      0.09      0.07
UNCOVER-SOUTH-57007         -2.79       0.25       0.25    10.61     0.15     0.16   -19.35      0.07      0.06
UNCOVER-SOUTH-59562         -2.22       0.25       0.25    11.61     0.09     0.09   -19.29      0.02      0.02
UNCOVER-SOUTH-1017193       -3.11       0.56       1.16    12.66     1.76     0.77   -20.19      0.17      0.27
UNCOVER-SOUTH-1089623       -2.04       0.25       0.25    10.96     0.34     0.41   -19.22      0.17      0.12
UNCOVER-SOUTH-2017743       -1.91       0.33       0.31    10.28     0.40     0.65   -19.33      0.24      0.17
